Option Payoff Table Df
  Last Price Open Interest Strike Last Price.1 Open Interest.1 
0 30.3 12.0 20.0 0.02 1201.0 
1 28.25 4.0 22.5 0.02 296.0 
2 25.75 1.0 25.0 0.03 2430.0 
3 23.15 0.0 27.5 0.07 1265.0 
4 20.9 0.0 30.0 0.06 4214.0 
5 18.4 5.0 32.5 0.05 6016.0 
6 19.1 162.0 35.0 0.08 0.0 
7 16.12 42.0 37.5 0.09 5354.0 
8 14.8 466.0 40.0 0.15 13323.0 
9 11.1 1005.0 42.5 0.24 17934.0 
10 8.94 12660.0 45.0 0.42 22112.0 
11 6.0 2729.0 47.5 0.78 12320.0 
12 4.1 0.0 50.0 1.41 37525.0 
13 2.66 31013.0 52.5 2.43 0.0 
14 1.58 45866.0 55.0 3.9 10119.0 
15 0.91 14809.0 57.5 5.67 2321.0 
16 0.5 47416.0 60.0 7.45 6199.0 
17 0.28 27239.0 62.5 8.53 964.0 
18 0.17 31422.0 65.0 12.17 6744.0 
19 0.12 3422.0 67.5 16.5 8781.0 
20 0.07 6423.0 70.0 15.75 5439.0 
21 0.07 4561.0 72.5 18.12 2858.0 
22 0.04 16880.0 75.0 24.15 4429.0 
23 0.03 1993.0 77.5 27.5 1747.0 
24 0.04 4780.0 80.0 29.0 234.0 
25 0.03 899.0 82.5 22.18 117.0 
26 0.02 3013.0 85.0 34.3 4.0 
27 0.07 1404.0 87.5 42.45 37.0 
28 0.02 680.0 90.0 38.12 154.0 
29 0.01 676.0 95.0 44.6 12.0 
30 0.01 1170.0 100.0 50.01 2.0 
31 0.02 210.0 105.0 54.95 0.0 
32 0.01 200.0 110.0 58.19 2.0 
33 0.01 69.0 115.0 64.96 0.0 
